index
1597922
440076
983555
645225
1243622
158387
811356
412763
1971833
230151
1120380
30187
649038
1735765
1621365
693827
231011
1966057
195298
1425007
1005264
1965263
651819
1719790
291988
234336
1295488
1601481
1117076
501517
1755400
1071162
857764
423693
1853292
997013
134301
1751952
812747
106294
1356055
236295
48627
1913338
322569
561696
1183491
1919050
873821
1811509
890926
1183741
896745
47083
1006997
1029995
621784
508069
296339
720346
1534574
1558756
467311
388113
1230844
1972965
1973875
171395
1091291
1569238
1816557
196562
483140
66097
1552119
1938919
1363278
1877775
1665226
1474963
1187433
57678
399045
1792317
446625
461295
640830
230524
1331399
757961
873183
1986865
992059
534473
65206
280917
627795
1810950
1251812
520025
209128
1122005
1067707
432340
1140563
826477
433064
1661634
647147
980794
937829
793028
135969
275202
1285099
546174
742653
1104380
569469
1911610
1552708
777077
1226907
869990
507602
51410
902811
1854226
1214726
1543440
1669566
1656909
1062166
1634700
1899249
451944
80997
1895246
1912018
461845
474741
42701
855455
205695
1852100
932398
451180
200942
1073527
173085
1139802
890381
654722
697160
715457
12340
1210185
1186122
196942
195993
1214145
1452848
1680991
1943536
1236523
1000728
69646
1140131
553582
14675
117150
1309042
1076331
84162
1721209
171426
202854
1117687
449175
651718
204454
813385
661726
1221996
759688
970058
1508938
1986934
1206072
755064
77443
1060115
444829
1656455
385839
1057068
47442
860531
693802
1462592
503273
629170
367845
682283
1601802
1541273
950754
768498
180176
157992
1017363
296576
1578946
1742801
1267047
1707901
13882
813812
355319
1370135
1442349
783835
721765
1456041
335264
989681
1206279
1338849
1727661
439002
171854
417481
614774
657964
965473
1500444
785890
1315790
1391686
949100
1553616
1707742
1819337
346717
1682349
302348
2006437
1117748
1895924
957269
807073
194816
174619
376229
144446
1836124
495787
1643383
1809181
6660
1103720
899514
131404
1724258
1766794
456632
849857
1990700
1925172
1889009
502938
1339125
831327
1737793
504670
1044237
1251459
817636
27726
1629659
1428138
1882568
1873899
1113574
157026
1905796
1732656
780248
1182044
1871285
1583707
162495
214926
623174
870117
1384637
1146168
41744
1595606
431463
436135
1289757
10078
1398086
881794
1049052
1977275
972162
1539585
1149003
1964728
1446948
1486706
1287018
467748
693168
1635226
937421
285625
1503461
184501
1070704
456246
1892411
1769328
1054924
1487329
1725277
1976285
1358464
1408212
1492986
1281223
698476
786002
1993147
1362851
1277892
1428883
437845
1511078
1849124
1126641
456007
427218
1297035
1186814
978705
820865
1890675
293320
1963179
833345
154393
1639311
1061075
322580
1834124
232852
917859
1128773
576312
1531338
281364
1074966
1904958
1214066
419659
1109216
983564
1717095
1804771
1631800
1730322
1983973
575526
349707
153543
623930
1715906
302018
1107080
1645981
796963
985913
956855
583889
1606027
898532
934086
1749627
824304
1546905
1356102
1232061
143761
1564993
1071032
1866151
1088332
170978
585293
1019492
847172
441078
26164
181685
1035269
1989678
218344
375730
686709
1309914
1215973
1460722
1456876
495086
135060
412863
1786801
298523
891420
840796
433098
1001524
1461937
391176
1414816
473025
1980207
1234149
611288
1826997
1769544
1089683
707351
912547
203508
863111
1083484
275974
13461
65804
1610676
480416
1107662
286268
1211658
34910
1985048
1478604
79091
1664648
50722
1554295
1026340
358763
1059281
700244
1541812
170142
1420471
1554342
451657
438626
404180
1956131
1972073
563487
1278052
356516
1945772
113294
1336772
745668
467499
1911160
1246349
1731489
491521
1980870
371048
1599312
1792612
1038606
1232938
1881535
978332
1367363
406289
1285580
1560611
1649325
822758
828590
1992456
439087
1527490
1566560
1583764
1469827
202984
1568705
1693085
1883420
851020
592905
1717831
1628947
1624312
1133817
604113
561297
575941
1384813
214983
99008
1367961
1583296
1976987
1889729
1832251
1870688
1327656
1013113
462383
1141711
1965652
1791073
591677
178879
120305
1045222
1340009
1949309
816709
1562121
1538314
448869
1167560
888578
159473
1036318
1609789
2000529
32403
1643073
761671
321361
1990910
151895
809230
1430445
723981
879291
1953381
164775
984101
1798846
41314
1620715
1310531
81836
1004147
507558
1631369
2006227
1247660
1552480
439992
1198051
1376140
1772295
1030031
794944
1391006
1760451
1260128
685320
986811
530896
1454830
1513790
1513683
1314527
991915
1378129
1857017
1530836
1738402
811116
1657208
1526634
38303
1145884
1812312
1842546
256349
629437
18452
1319651
1518169
143749
973566
80205
243692
69594
1001959
1765669
912149
377017
1118965
709174
815498
955484
1161819
1429759
776029
1745532
159843
1521831
569445
1843271
1465981
39009
104944
725351
54645
64988
442521
1810898
1292939
698030
1552995
1712982
171030
409278
893581
1616594
201360
1941767
1979210
1784053
953641
1047118
1499573
1802904
1438729
1282949
646767
1703859
261329
454141
1171616
287361
545300
18613
1247443
709223
1129424
749890
1651908
829136
193676
1519236
1513922
583514
1954391
369844
288542
1654156
1902479
856773
666106
238349
537212
337137
1419341
357165
1568492
1751525
1493322
242515
1060497
505395
333294
1915721
482417
1797612
93416
1742500
66169
214099
1126288
15835
1751465
1253367
480539
673835
606865
1702473
1021770
1447275
1281084
1233224
905826
1220528
941453
989272
1643746
1061168
1541156
1776414
1224821
576405
1630361
204832
733070
850849
1628586
259294
379938
601974
84855
1692723
196830
1317924
1821995
434127
1164911
1291160
619392
1259048
1116663
1824578
395690
664355
657941
1267025
1605604
403806
503725
401946
195825
1641076
1704107
1886209
262596
1587450
792376
1325960
692505
110450
547498
460660
1613528
899301
1011315
1470306
251506
417560
140734
1046961
866858
1307989
909307
1494817
727887
523189
1697808
1105080
1769516
1581695
1307530
494038
742929
1542133
527303
1495684
987607
1775779
1065550
245816
520045
783248
432764
860682
579403
1730589
261006
1138837
324738
1739359
1241050
1769072
581540
1713188
384792
1054578
1967436
1401167
1896459
819958
533207
1748008
1091717
537483
105265
1424211
695417
961096
1910462
132788
739449
646064
382695
1343938
1259054
1130371
148278
1846184
875443
630333
80412
574369
455579
1457718
697658
1217106
808224
268637
1256738
1923366
189176
691975
627344
46642
735001
130785
995543
1075177
106765
962240
881658
1143674
1040817
833684
838117
690552
1107330
1127544
1126325
155090
637350
1527085
170505
1833518
1577607
631549
1371574
469551
1326409
1293772
64908
139396
466175
66599
469920
33877
194501
783273
1664456
1369349
1613888
563322
1748986
55566
1631689
567853
1221247
277457
177613
1961258
1073650
1508551
1623118
1298905
1597762
781735
351345
273985
1323543
1235564
1333496
1913922
108681
313900
1883135
490871
23354
307349
1730221
1985912
1801541
1838802
1109837
343515
1717257
787721
1931801
1955626
1223901
1770374
1641310
1678146
666052
1788684
1343214
1660045
961775
1622403
351784
1938082
1217902
1847017
598975
756462
1349515
208503
846164
1337279
1732635
1123923
881913
1827082
26234
1792174
1239247
1354299
921456
658661
1584703
1443844
1890808
657477
1516975
1283988
427947
1601661
1958779
603609
812149
611984
1483072
1351764
1182665
1460054
1810788
750111
838861
1971860
401167
1323276
933510
53410
1604611
489199
499011
710663
1490973
460269
719421
579833
1214818
605871
1563216
157052
1184375
1674562
1390928
1794204
1352757
355554
639421
774109
210728
833639
708377
1248562
1581929
1241495
1967989
1723353
198459
1776228
1976485
989855
1964434
41763
1457397
1421059
755912
2867
1384532
630409
505751
916395
73120
1310096
216187
904850
1314624
964470
1813606
1464245
756564
537958
1256859
1204529
942091
1677370
1047572
714242
625450
1837973
1124119
78629
569123
1574682
1643444
1046225
1687151
1315118
1370861
580447
1601142
572433
675169
733386
629357
684887
1031882
1617333
1841464
1699879
1086937
1409699
1840154
1427316
916715
1565651
947203
1519450
738405
1518674
1705230
92288
663053
391702
1823485
1233168
285845
846185
1007331
921703
876963
1433363
737960
132988
1225612
95750
502286
1265078
1707994
602634
1197120
1829852
1507668
1409459
120501
1700859
310158
1142395
1480087
5627
1654778
1781208
1895889
1503299
1489296
923156
1166035
306702
1088802
1427066
1376903
1741092
47643
48426
876634
425840
1246247
370695
1498158
1782774
1912246
721723
1020418
1678582
1356462
158477
95976
736096
1782805
914940
1577124
535441
471001
223190
1068862
474065
1167922
1608900
1936292
1609040
369271
1818997
1183848
434368
1291028
1288662
1439610
1674505
175716
143035
1895349
1600114
452894
591535
1472576
623678
1177480
1861840
445914
1958237
434819
1695598
647255
839095
1433641
1304346
413106
1349476
88876
614581
761935
1667000
667536
777531
318806
1217027
268070
1963408
405966
713571
1215472
1485520
274630
1917987
978796
869567
1883550
296887
319866
1440750
136351
46441
29018
475303
23400
1701167
1333878
1670821
912004
118168
829878
1546201
1412905
1968080
1403091
830437
1037524
643638
1607479
1270303
1962346
887754
1803615
1153028
1941112
1872720
586572
1929585
158488
1785574
1462876
1718692
1535945
1330046
1470182
1308553
247566
1037929
1815932
683488
828826
297746
852139
1108954
1987936
1310826
1041635
137610
1665794
979818
356549
136523
4212
1451977
1353854
1128121
920029
1146582
1422153
655239
1105087
914264
1323958
286998
1949468
392341
1716452
425390
499292
1718190
616582
624377
994690
1784520
893228
715296
934190
1073655
809190
1086844
455596
808385
1927159
1989674
1673494
1133741
133046
1760492
43968
1969319
1594517
444824
894581
1063110
569203
602770
1152905
739652
709679
778316
488577
1057398
549067
621628
1092559
1760609
1447328
669616
1409864
904000
36299
189103
228972
1193371
505020
1638924
1798531
1349884
657805
1921397
1672278
367237
789498
924961
1200364
383460
1575387
1582245
339319
6597
349904
349765
548037
619905
1416431
27978
359080
1798420
1375773
1591631
184903
807281
1704065
1791221
358890
334777
426317
1403222
1786397
1586537
1987126
1652393
127244
723444
263779
1217349
2000658
235080
1557216
1972566
1333212
1689802
157325
1950606
1457452
940989
1088109
1601667
1113894
378235
983513
124829
394324
1658212
545387
1376120
157673
425194
342528
1052976
1074446
1512980
1307696
1556455
337280
738728
1557901
1945008
415540
76522
725317
820622
222866
186548
1598925
1736012
55219
1823411
961112
306130
1938890
140329
843458
1144781
923411
1740730
1135570
111791
1983433
1130878
1727437
1691752
999945
1384835
1954717
2002116
1623722
1822651
1849055
1804136
922417
1684599
1201661
1710542
201161
1326690
1354557
1427069
458229
213151
1027590
627975
1423599
166462
1593095
240437
164423
1900962
1456139
1622021
1269316
20916
1411731
1872659
1221893
741503
1618430
1247358
1089082
1557035
1616676
1540625
747937
1063983
142215
570165
1562100
407643
1351116
203713
527077
60334
267529
1419177
143850
1490227
360275
739005
1120073
1574061
304852
1317668
1210963
1210568
624537
687545
404775
662670
585235
1636857
1876625
582734
1671223
626368
1809202
1593093
1630995
1319938
1913126
405524
969559
1288664
1259218
864086
1736226
23345
414200
1845722
1421386
1575010
265157
680238
1071309
